image_width: 1440
image_height: 1080
camera_name: argus_camera
camera_matrix:
  rows: 3
  cols: 3
  data: [560.777, 0.0, 747.417, 0.0, 524.511, 525.162, 0.0, 0.0, 1.0]
distortion_model: plumb_bob
distortion_coefficients:
  rows: 1
  cols: 5
  data: [-0.2309, 0.0318, 0.0, 0.0, 0.0]
rectification_matrix:
  rows: 3
  cols: 3
  data: [1.0, 0.0, 0.0, 0.0, 1.0, 0.0, 0.0, 0.0, 1.0]
projection_matrix:
  rows: 3
  cols: 4
  data: [560.777, 0.0, 747.417, 0.0, 0.0, 524.511, 525.162, 0.0, 0.0, 0.0, 1.0, 0.0]